%YAML:1.0
---
calibrationDate: "Tue Jun 15 12:57:04 2021"
cameraMatrix: !!opencv-matrix
   rows: 3
   cols: 3
   dt: d
   data: [ 5.9566663357337475e+03, 0., 6.8494051532977699e+02, 0.,
       5.9153559768415671e+03, 6.5777863760636990e+02, 0., 0., 1. ]
distCoeffs: !!opencv-matrix
   rows: 1
   cols: 5
   dt: d
   data: [ -5.7024854358478194e+00, 4.2749559053631636e+01,
       -1.0365885740586991e-01, 2.3166413369070601e-02,
       5.4520656581864773e+02 ]
