%YAML:1.0
---
calibrationDate: "Tue Jun 15 12:57:04 2021"
handEyeRotationMatrix: !!opencv-matrix
   rows: 3
   cols: 3
   dt: d
   data: [ 9.9999113717967847e-01, -1.8632987751410848e-03,
       -3.7754045833361680e-03, 2.0812707585650277e-03,
       9.9828064068847866e-01, 5.8578415296335437e-02,
       3.6597642168396814e-03, -5.8585753765527000e-02,
       9.9827567113578508e-01 ]
handEyeTranslationMatrix: !!opencv-matrix
   rows: 3
   cols: 1
   dt: d
   data: [ 6.2158203111130231e-04, -3.2516779570544293e-03,
       2.1708835847986043e+02 ]
