%YAML:1.0
---
calibrationDate: "Fri Jul 16 16:39:51 2021"
handEyeRotationMatrix: !!opencv-matrix
   rows: 3
   cols: 3
   dt: d
   data: [ 7.2087508181884430e-01, -6.9192425734456486e-01,
       -3.9748440357414226e-02, 6.9292631341505062e-01,
       7.1839717137443437e-01, 6.1307653178363522e-02,
       -1.3865085275665542e-02, -7.1737899741935188e-02,
       9.9732714449718785e-01 ]
handEyeTranslationMatrix: !!opencv-matrix
   rows: 3
   cols: 1
   dt: d
   data: [ 7.9407751421775412e-03, -7.3523344864083757e-03,
       1.1421228817631987e-01 ]
