%YAML:1.0
---
calibrationDate: "Fri Jun 11 13:50:49 2021"
cameraMatrix: !!opencv-matrix
   rows: 3
   cols: 3
   dt: d
   data: [ 1.6641877126661309e+03, 0., 7.4228939239928843e+02, 0.,
       1.6642578877613621e+03, 5.9593700329492708e+02, 0., 0., 1. ]
distCoeffs: !!opencv-matrix
   rows: 1
   cols: 5
   dt: d
   data: [ -4.9354111271741102e-01, 6.0076262801483704e-01,
       -2.3258667518406529e-03, 8.4399570120745796e-05,
       -5.6485862221178129e-01 ]
