%YAML:1.0
---
calibrationDate: "Fri Jun 11 13:50:49 2021"
handEyeRotationMatrix: !!opencv-matrix
   rows: 3
   cols: 3
   dt: d
   data: [ 9.9523914399225921e-01, 1.4342195983315591e-02,
       9.6402010767054569e-02, -1.9925061647172004e-02,
       9.9816380388712789e-01, 5.7201508091447563e-02,
       -9.5404602530022281e-02, -5.8849995955443470e-02,
       9.9369745888380567e-01 ]
handEyeTranslationMatrix: !!opencv-matrix
   rows: 3
   cols: 1
   dt: d
   data: [ -6.6334168342120359e-03, 2.6485857027160459e-02,
       -5.6648741998191154e-01 ]
