%YAML:1.0
---
calibrationDate: "Fri Jun 11 13:35:40 2021"
cameraMatrix: !!opencv-matrix
   rows: 3
   cols: 3
   dt: d
   data: [ 2.4223054070121984e+03, 0., 7.3377647705869458e+02, 0.,
       2.4140587278613725e+03, 6.8224402732005785e+02, 0., 0., 1. ]
distCoeffs: !!opencv-matrix
   rows: 1
   cols: 5
   dt: d
   data: [ -9.8188768522854086e-01, 1.6607562978812265e+00,
       -3.2742581172704316e-02, 7.8358835545484936e-04,
       -2.3777376831503583e+00 ]
