%YAML:1.0
---
calibrationDate: "Mon Jun 21 11:26:31 2021"
cameraMatrix: !!opencv-matrix
   rows: 3
   cols: 3
   dt: d
   data: [ 5.1378122732324446e+03, 0., 6.5254947189252994e+02, 0.,
       5.1229609263060938e+03, 6.4542130826998243e+02, 0., 0., 1. ]
distCoeffs: !!opencv-matrix
   rows: 1
   cols: 5
   dt: d
   data: [ -4.2374788179350267e+00, 1.8879308744868190e+01,
       -6.1143750524147590e-02, 5.1340572342661039e-02,
       1.1365021527009570e+02 ]
