%YAML:1.0
---
calibrationDate: "Mon Jun 21 11:26:31 2021"
handEyeRotationMatrix: !!opencv-matrix
   rows: 3
   cols: 3
   dt: d
   data: [ 9.9994801800222011e-01, -3.6082219996781749e-03,
       -9.5363529419031662e-03, 4.2183546310285962e-03,
       9.9789233261919785e-01, 6.4754134879736677e-02,
       9.2826061878325070e-03, -6.4790996549036736e-02,
       9.9785568094216115e-01 ]
handEyeTranslationMatrix: !!opencv-matrix
   rows: 3
   cols: 1
   dt: d
   data: [ -3.0094730107156843e-03, -7.6368655773673494e-02,
       -1.5517501088961322e+02 ]
