%YAML:1.0
---
calibrationDate: "Wed Jun 16 14:19:03 2021"
cameraMatrix: !!opencv-matrix
   rows: 3
   cols: 3
   dt: d
   data: [ 1.1848049925280334e+03, 0., 7.4608585874566370e+02, 0.,
       1.1849254369683435e+03, 5.9122860693555822e+02, 0., 0., 1. ]
distCoeffs: !!opencv-matrix
   rows: 1
   cols: 5
   dt: d
   data: [ -2.4539783878760194e-01, 1.3221240146656543e-01,
       2.0723948962738330e-04, -1.2014957834751616e-04,
       -4.7537594687410700e-02 ]
