%YAML:1.0
---
calibrationDate: "Wed Jun 16 14:19:03 2021"
handEyeRotationMatrix: !!opencv-matrix
   rows: 3
   cols: 3
   dt: d
   data: [ 7.1382136295785026e-01, -7.0008025782505412e-01,
       -1.8619731163541004e-02, 7.0019725341405115e-01,
       7.1292260567410626e-01, 3.8277468963633425e-02,
       -1.3522873082887982e-02, -4.0360759686217058e-02,
       9.9909365976425635e-01 ]
handEyeTranslationMatrix: !!opencv-matrix
   rows: 3
   cols: 1
   dt: d
   data: [ -2.4500588597152553e-03, 1.7953066678067134e-02,
       2.7886227098887295e-01 ]
