%YAML:1.0
---
calibrationDate: "AndeFThu Jul 15 14:00:38 2021"
cameraMatrix: !!opencv-matrix
   rows: 3
   cols: 3
   dt: d
   data: [ 3.4719476688287609e+03, 0., 7.4714963408389383e+02, 0.,
       3.4745336502647451e+03, 6.0387093026124535e+02, 0., 0., 1. ]
distCoeffs: !!opencv-matrix
   rows: 1
   cols: 5
   dt: d
   data: [ -2.5873932787245446e-01, -9.8409427944795913e-01,
       4.0601800372848731e-04, 5.5482252048426979e-04,
       1.9138043206310229e+01 ]
camRotationMatrix: !!opencv-matrix
   rows: 3
   cols: 3
   dt: d
   data: [ 9.9984669872256426e-01, -1.1299080205957051e-02,
       1.3375718301806009e-02, -1.1854939521337362e-02,
       -9.9903738461089464e-01, 4.2234636955570566e-02,
       1.2885630079097883e-02, -4.2386730663295590e-02,
       -9.9901818081611604e-01 ]
camTranslationMatrix: !!opencv-matrix
   rows: 3
   cols: 1
   dt: d
   data: [ -1.3091589660996791e-01, 6.5871630574159859e-02,
       9.1798000887192632e-01 ]
