%YAML:1.0
---
calibrationDate: "AndeFThu Jul 15 14:00:38 2021"
handEyeRotationMatrix: !!opencv-matrix
   rows: 3
   cols: 3
   dt: d
   data: [ 7.0688289434514751e-01, -7.0690488082549352e-01,
       -2.4536975105377088e-02, 7.0697632303532920e-01,
       7.0500582467305462e-01, 5.6136136708114182e-02,
       -2.2384198660504482e-02, -5.7028735231995538e-02,
       9.9812157125681145e-01 ]
handEyeTranslationMatrix: !!opencv-matrix
   rows: 3
   cols: 1
   dt: d
   data: [ 2.0200191450457997e-03, -8.1360252472175015e-03,
       1.1619760922925733e-01 ]
