%YAML:1.0
---
calibrationDate: "Tue Jun  8 14:39:26 2021"
cameraMatrix: !!opencv-matrix
   rows: 3
   cols: 3
   dt: d
   data: [ 1.0609534563996390e+03, 0., 7.2978749624704346e+02, 0.,
       1.0621740281841651e+03, 5.8768975896998609e+02, 0., 0., 1. ]
distCoeffs: !!opencv-matrix
   rows: 1
   cols: 5
   dt: d
   data: [ -2.0274258244337706e-01, 1.0200805843245604e-01,
       1.8032282006555027e-03, 2.6229717368252219e-03,
       -4.0627469585847759e-02 ]
