%YAML:1.0
---
calibrationDate: "Tue Jun  8 14:39:26 2021"
handEyeRotationMatrix: !!opencv-matrix
   rows: 3
   cols: 3
   dt: d
   data: [ 9.9491783750908203e-01, 8.7370120784220934e-02,
       5.0049561440659973e-02, -8.4472897350938103e-02,
       9.9477442743801869e-01, -5.7342550767295171e-02,
       -5.4798049412270358e-02, 5.2823295140615727e-02,
       9.9709922940051354e-01 ]
handEyeTranslationMatrix: !!opencv-matrix
   rows: 3
   cols: 1
   dt: d
   data: [ 4.4576171356809691e-02, 9.9700087320922545e-02,
       -5.3706653269271898e-01 ]
