%YAML:1.0
---
calibrationDate: "Wed May 12 17:05:41 2021\n"
cameraMatrix: !!opencv-matrix
   rows: 3
   cols: 3
   dt: d
   data: [ 1.5656355557179320e+03, 0., 6.2364016444622473e+02, 0.,
       1.5655025704945660e+03, 5.4556466772431224e+02, 0., 0., 1. ]
distCoeffs: !!opencv-matrix
   rows: 1
   cols: 5
   dt: d
   data: [ -1.2186561886056575e-01, 2.8899350127006163e-01,
       2.3661918361645687e-03, -1.1189472759652692e-03,
       -1.2492597982390082e-01 ]
