%YAML:1.0
---
handEyeRotationMatrix: !!opencv-matrix
   rows: 3
   cols: 3
   dt: d
   data: [ 9.7702210660535127e-01, -9.0273716752380911e-02,
       1.9307630426376077e-01, 1.2831794090064227e-01,
       9.7244200178772577e-01, -1.9465625908791154e-01,
       -1.7018316381904730e-01, 2.1495862211782010e-01,
       9.6168107058928198e-01 ]
handEyeTranslationMatrix: !!opencv-matrix
   rows: 3
   cols: 1
   dt: d
   data: [ 2.7805242474907642e-02, 6.9059521373993973e-03,
       -1.2966832202172993e-01 ]
