%YAML:1.0
---
calibrationDate: "Wed May 12 15:46:57 2021\n"
