%YAML:1.0
---
calibrationDate: "Mon Jun  7 15:07:36 2021"
cameraMatrix: !!opencv-matrix
   rows: 3
   cols: 3
   dt: d
   data: [ 1.1883578809703652e+03, 0., 7.4193805819030410e+02, 0.,
       1.1879097289108411e+03, 5.8916440321744869e+02, 0., 0., 1. ]
distCoeffs: !!opencv-matrix
   rows: 1
   cols: 5
   dt: d
   data: [ -2.4929744625015687e-01, 1.4940680503496792e-01,
       -1.6108845220750569e-04, 1.7365872352324095e-04,
       -7.0328558329854421e-02 ]
