%YAML:1.0
---
calibrationDate: "Mon Jun  7 15:07:36 2021"
handEyeRotationMatrix: !!opencv-matrix
   rows: 3
   cols: 3
   dt: d
   data: [ 9.9826390678433041e-01, -3.6067434817529317e-02,
       4.6565143158470088e-02, 3.9063331387469577e-02,
       9.9711270036058020e-01, -6.5117731230016088e-02,
       -4.4082066110815110e-02, 6.6823670396912158e-02,
       9.9679053392479933e-01 ]
handEyeTranslationMatrix: !!opencv-matrix
   rows: 3
   cols: 1
   dt: d
   data: [ -4.3553146204937505e-02, 1.5397372658834049e-01,
       -2.2681617913088645e-01 ]
