%YAML:1.0
---
calibrationDate: "Tue Jun 15 11:57:10 2021"
cameraMatrix: !!opencv-matrix
   rows: 3
   cols: 3
   dt: d
   data: [ 4.7663387058907556e+03, 0., 7.2268186980664404e+02, 0.,
       4.7575649771767394e+03, 6.0528620561582875e+02, 0., 0., 1. ]
distCoeffs: !!opencv-matrix
   rows: 1
   cols: 5
   dt: d
   data: [ -3.6784461697301181e+00, 1.3114394706255567e+01,
       -4.4310180353923902e-02, -2.6044812694377057e-03,
       3.5151074019088173e+02 ]
