%YAML:1.0
---
calibrationDate: "Tue Jun 15 12:58:43 2021"
cameraMatrix: !!opencv-matrix
   rows: 3
   cols: 3
   dt: d
   data: [ 1.9298737684459988e+03, 0., 7.3810522633335131e+02, 0.,
       1.9301029729523414e+03, 6.1890449601259866e+02, 0., 0., 1. ]
distCoeffs: !!opencv-matrix
   rows: 1
   cols: 5
   dt: d
   data: [ -6.6504150439523380e-01, 1.1137039844458743e+00,
       -8.9466471921516681e-03, -9.1087850076450154e-04,
       -1.5745760588225992e+00 ]
