%YAML:1.0
---
calibrationDate: "Tue Jun 15 12:58:43 2021"
handEyeRotationMatrix: !!opencv-matrix
   rows: 3
   cols: 3
   dt: d
   data: [ 9.9963034047554800e-01, 1.0661647875732172e-02,
       2.5010231212724852e-02, -1.2757737048513801e-02,
       9.9628169414537582e-01, 8.5205786518408308e-02,
       -2.4008801430747000e-02, -8.5493363341217821e-02,
       9.9604942762820037e-01 ]
handEyeTranslationMatrix: !!opencv-matrix
   rows: 3
   cols: 1
   dt: d
   data: [ -1.7030770773005866e-04, 1.1706497559051463e-04,
       -5.5960543120550188e+00 ]
