%YAML:1.0
---
calibrationDate: "Thu Jul 15 15:38:00 2021"
cameraMatrix: !!opencv-matrix
   rows: 3
   cols: 3
   dt: d
   data: [ 3.4742350810947705e+03, 0., 7.4641995349884985e+02, 0.,
       3.4769422407724091e+03, 6.0959364081000035e+02, 0., 0., 1. ]
distCoeffs: !!opencv-matrix
   rows: 1
   cols: 5
   dt: d
   data: [ -3.0114859834591717e-01, 5.2626067847172020e-01,
       3.6666972765074307e-04, 5.7047415900226195e-04,
       2.1152278511985929e+00 ]
camRotationMatrix: !!opencv-matrix
   rows: 3
   cols: 3
   dt: d
   data: [ 9.9790853344930885e-01, 6.2782545537224857e-02,
       -1.5391908423409944e-02, 6.2867561455643386e-02,
       -9.9800883347102176e-01, 5.1027473415126120e-03,
       -1.5040897103206682e-02, -6.0597268648595734e-03,
       -9.9986851691842660e-01 ]
camTranslationMatrix: !!opencv-matrix
   rows: 3
   cols: 1
   dt: d
   data: [ -1.3238760973330826e-01, 3.1880701327772688e-02,
       7.7219623965107020e-01 ]
