%YAML:1.0
---
calibrationDate: "Thu Jul 15 15:38:00 2021"
handEyeRotationMatrix: !!opencv-matrix
   rows: 3
   cols: 3
   dt: d
   data: [ 7.0673652229249795e-01, -7.0706894872940573e-01,
       -2.4020611994671887e-02, 7.0710322975606021e-01,
       7.0485275942035708e-01, 5.6458923174788817e-02,
       -2.2989356808182006e-02, -5.6886635339079214e-02,
       9.9811592522779868e-01 ]
handEyeTranslationMatrix: !!opencv-matrix
   rows: 3
   cols: 1
   dt: d
   data: [ 9.0048437462662140e-04, -6.6734570655782727e-03,
       1.1607230635115443e-01 ]
