%YAML:1.0
---
calibrationDate: "Fri Jun 11 14:46:39 2021"
cameraMatrix: !!opencv-matrix
   rows: 3
   cols: 3
   dt: d
   data: [ 1.9542142775247009e+03, 0., 7.4698574253083666e+02, 0.,
       1.9511052278550937e+03, 6.4061847362961521e+02, 0., 0., 1. ]
distCoeffs: !!opencv-matrix
   rows: 1
   cols: 5
   dt: d
   data: [ -6.5092244052479653e-01, 9.2991469687943074e-01,
       -1.5014447479291124e-02, -1.3254302969308187e-03,
       -1.2511210680169562e+00 ]
