%YAML:1.0
---
calibrationDate: "Fri Jun 11 14:46:39 2021"
handEyeRotationMatrix: !!opencv-matrix
   rows: 3
   cols: 3
   dt: d
   data: [ 9.9487954621997166e-01, 3.3327630252900837e-03,
       1.0101277742820630e-01, -9.9387595600277899e-03,
       9.9783803771588653e-01, 6.4965156397233256e-02,
       -1.0057787814202007e-01, -6.5636447023938463e-02,
       9.9276177769418716e-01 ]
handEyeTranslationMatrix: !!opencv-matrix
   rows: 3
   cols: 1
   dt: d
   data: [ -6.6334168342120359e-03, 2.6485857027160459e-02,
       -5.6648741998191154e-01 ]
