%YAML:1.0
---
calibrationDate: "Fri Jul  9 15:08:10 2021"
cameraMatrix: !!opencv-matrix
   rows: 3
   cols: 3
   dt: d
   data: [ 3.4831385731142477e+03, 0., 7.8121596242119995e+02, 0.,
       3.4818677191582456e+03, 6.1625852345492899e+02, 0., 0., 1. ]
distCoeffs: !!opencv-matrix
   rows: 1
   cols: 5
   dt: d
   data: [ -2.4832487344625878e-01, -9.3150978859401123e-01,
       1.0133592423669270e-04, 1.2572372049516451e-03,
       1.5874528791352747e+01 ]
camRotationMatrix: !!opencv-matrix
   rows: 3
   cols: 3
   dt: d
   data: [ 9.9797809243883051e-01, 1.6364998659827719e-02,
       -6.1415908615085162e-02, 1.8989009275054231e-02,
       -9.9892076845369182e-01, 4.2387685459785218e-02,
       -6.0655952213319993e-02, -4.3468208736381353e-02,
       -9.9721179811028404e-01 ]
camTranslationMatrix: !!opencv-matrix
   rows: 3
   cols: 1
   dt: d
   data: [ -1.4619578667331454e-01, 7.5227824426294387e-02,
       8.2443877174679503e-01 ]
