%YAML:1.0
---
calibrationDate: "Fri Jul  9 15:08:10 2021"
handEyeRotationMatrix: !!opencv-matrix
   rows: 3
   cols: 3
   dt: d
   data: [ 7.1935100865672563e-01, -6.9437673626238083e-01,
       -1.9366839756535734e-02, 6.9409476680110760e-01,
       7.1738872736354264e-01, 5.9882122132009094e-02,
       -2.7687200000494933e-02, -5.6518687080653066e-02,
       9.9801756345608061e-01 ]
handEyeTranslationMatrix: !!opencv-matrix
   rows: 3
   cols: 1
   dt: d
   data: [ 2.2214239416764411e-02, -1.1377497077706295e-02,
       1.1734373133118027e-01 ]
