%YAML:1.0
---
calibrationDate: "Fri Jul  9 15:08:10 2021"
handEyeRotationMatrix: !!opencv-matrix
   rows: 3
   cols: 3
   dt: d
   data: [ 9.4573265860180300e-01, -5.1585894543235457e-02,
       -3.2082492723935835e-01, 4.0823732082902180e-02,
       9.9835788366986444e-01, -4.0186552639569578e-02,
       3.2237115465374505e-01, 2.4908464392725291e-02,
       9.4628558429726028e-01 ]
handEyeTranslationMatrix: !!opencv-matrix
   rows: 3
   cols: 1
   dt: d
   data: [ 3.4892658834195922e-01, 6.7303490327037849e-02,
       3.3397323932184764e-01 ]
