%YAML:1.0
---
calibrationDate: "Wed Jun 16 14:12:35 2021"
cameraMatrix: !!opencv-matrix
   rows: 3
   cols: 3
   dt: d
   data: [ 1.1965715976085819e+03, 0., 7.3718929384342493e+02, 0.,
       1.1937156012998116e+03, 6.1789910081242635e+02, 0., 0., 1. ]
distCoeffs: !!opencv-matrix
   rows: 1
   cols: 5
   dt: d
   data: [ -2.4871905017039761e-01, 1.3845974469859706e-01,
       -4.1421698902110744e-03, 1.5693661418865932e-03,
       -5.9344138555113307e-02 ]
