%YAML:1.0
---
calibrationDate: "Wed Jun 16 14:12:35 2021"
handEyeRotationMatrix: !!opencv-matrix
   rows: 3
   cols: 3
   dt: d
   data: [ 7.2593393210095813e-01, -6.8727359322443560e-01,
       -2.5979497316428412e-02, 6.8761958318400573e-01,
       7.2448781898457026e-01, 4.7923991536961454e-02,
       -1.4115064516170232e-02, -5.2653662734451968e-02,
       9.9851307290107671e-01 ]
handEyeTranslationMatrix: !!opencv-matrix
   rows: 3
   cols: 1
   dt: d
   data: [ 1.4525058640224433e-02, -1.6888470937760771e-02,
       8.8631233531542075e-01 ]
