%YAML:1.0
---
calibrationDate: "Thu Jul 15 17:08:44 2021"
cameraMatrix: !!opencv-matrix
   rows: 3
   cols: 3
   dt: d
   data: [ 3.4870006357110328e+03, 0., 7.6835928520537982e+02, 0.,
       3.4875858654575795e+03, 5.9567138529479541e+02, 0., 0., 1. ]
distCoeffs: !!opencv-matrix
   rows: 1
   cols: 5
   dt: d
   data: [ -2.7088589235117122e-01, 5.1996412890120983e-02,
       -3.5031668131473346e-04, 1.0154615474620241e-03,
       1.2736908775795055e+00 ]
camRotationMatrix: !!opencv-matrix
   rows: 3
   cols: 3
   dt: d
   data: [ 9.9973669430145229e-01, -4.4594927926208134e-03,
       2.2508998006061817e-02, -5.1442239236909690e-03,
       -9.9952291108105407e-01, 3.0454674259925339e-02,
       2.2362446812172799e-02, -3.0562446696686382e-02,
       -9.9928267163224893e-01 ]
camTranslationMatrix: !!opencv-matrix
   rows: 3
   cols: 1
   dt: d
   data: [ -1.6200601093001391e-01, 6.7668198411287753e-02,
       9.4069156891344197e-01 ]
