%YAML:1.0
---
calibrationDate: "Thu Jul 15 17:08:44 2021"
handEyeRotationMatrix: !!opencv-matrix
   rows: 3
   cols: 3
   dt: d
   data: [ 7.1754421356579945e-01, -6.9552249166947067e-01,
       -3.7131727136365360e-02, 6.9631086470123915e-01,
       7.1503180179654158e-01, 6.2295281672080607e-02,
       -1.6777403769684156e-02, -7.0554843926426067e-02,
       9.9736679948816565e-01 ]
handEyeTranslationMatrix: !!opencv-matrix
   rows: 3
   cols: 1
   dt: d
   data: [ 8.1498099545871446e-03, -7.7996678573729085e-03,
       1.1529097065869021e-01 ]
