%YAML:1.0
---
calibrationDate: "Wed Jun 23 16:05:57 2021"
cameraMatrix: !!opencv-matrix
   rows: 3
   cols: 3
   dt: d
   data: [ 7.7155707163072739e+03, 0., 6.4574038791143937e+02, 0.,
       7.7524036299752588e+03, 5.5279180581393507e+02, 0., 0., 1. ]
distCoeffs: !!opencv-matrix
   rows: 1
   cols: 5
   dt: d
   data: [ -1.2957126796589875e+00, 4.5230997207123513e+00,
       1.2378080238578153e-02, 2.0942670703851349e-02,
       -6.8235222495064599e-02 ]
