%YAML:1.0
---
calibrationDate: "Wed Jun 23 16:05:57 2021"
handEyeRotationMatrix: !!opencv-matrix
   rows: 3
   cols: 3
   dt: d
   data: [ 9.9966189080782053e-01, -1.0396226427256853e-02,
       2.3833223504304304e-02, 1.1372651216218676e-02,
       9.9908592794944817e-01, -4.1206448253932937e-02,
       -2.3383046654513535e-02, 4.1463562913273855e-02,
       9.9886636047055344e-01 ]
handEyeTranslationMatrix: !!opencv-matrix
   rows: 3
   cols: 1
   dt: d
   data: [ 6.4617681431268167e+01, 1.5427427840689191e+02,
       8.0880099540148521e+01 ]
