%YAML:1.0
---
calibrationDate: "Tue Jun 15 12:51:55 2021"
cameraMatrix: !!opencv-matrix
   rows: 3
   cols: 3
   dt: d
   data: [ 5.3247636867491919e+03, 0., 6.8607393098404123e+02, 0.,
       5.2914255031392277e+03, 6.5116700479832082e+02, 0., 0., 1. ]
distCoeffs: !!opencv-matrix
   rows: 1
   cols: 5
   dt: d
   data: [ -4.0430966289404102e+00, -3.6316388817544755e+01,
       -8.4967732141203692e-02, 2.0670651143449244e-02,
       2.1687302466669721e+03 ]
