%YAML:1.0
---
calibrationDate: "Tue Jun 15 12:51:55 2021"
handEyeRotationMatrix: !!opencv-matrix
   rows: 3
   cols: 3
   dt: d
   data: [ 9.9996525740265019e-01, -6.1294938834684557e-04,
       -8.3131390400171430e-03, 1.1542206659721052e-03,
       9.9786744665296212e-01, 6.5262751129202101e-02,
       8.2554080641464873e-03, -6.5270078928596778e-02,
       9.9783348562490570e-01 ]
handEyeTranslationMatrix: !!opencv-matrix
   rows: 3
   cols: 1
   dt: d
   data: [ 2.6299776568294610e-03, -7.4295798655486930e-04,
       1.2882599712474109e+02 ]
