%YAML:1.0
---
calibrationDate: "Thu Jul 15 16:50:50 2021"
cameraMatrix: !!opencv-matrix
   rows: 3
   cols: 3
   dt: d
   data: [ 3.5062924192190803e+03, 0., 7.7437375565500281e+02, 0.,
       3.5063215985483621e+03, 5.7625409376595144e+02, 0., 0., 1. ]
distCoeffs: !!opencv-matrix
   rows: 1
   cols: 5
   dt: d
   data: [ -2.8660700641098880e-01, 9.9086830821866789e-01,
       -8.0938776349928838e-04, 1.1804935154103033e-03,
       -1.1772807213679680e+01 ]
camRotationMatrix: !!opencv-matrix
   rows: 3
   cols: 3
   dt: d
   data: [ 4.8369145166455962e-01, -8.7440642631638021e-01,
       -3.8157321751512173e-02, -8.7378823732221655e-01,
       -4.8493957149815192e-01, 3.6438006429038557e-02,
       -5.0365622243404316e-02, 1.5716666688766291e-02,
       -9.9860717526173870e-01 ]
camTranslationMatrix: !!opencv-matrix
   rows: 3
   cols: 1
   dt: d
   data: [ 1.9392394864051372e-02, 1.0565220078463169e-01,
       9.1454118715782751e-01 ]
