%YAML:1.0
---
calibrationDate: "Thu Jul 15 16:50:50 2021"
handEyeRotationMatrix: !!opencv-matrix
   rows: 3
   cols: 3
   dt: d
   data: [ 7.1869815540495940e-01, -6.9435964453859600e-01,
       -3.6573835644399200e-02, 6.9518770911582695e-01,
       7.1652991862985949e-01, 5.7436267310605936e-02,
       -1.3675178675152909e-02, -6.6705020384687300e-02,
       9.9767902140101206e-01 ]
handEyeTranslationMatrix: !!opencv-matrix
   rows: 3
   cols: 1
   dt: d
   data: [ 8.5935811863598419e-03, -8.6556501545795965e-03,
       1.1171943351284304e-01 ]
