%YAML:1.0
---
calibrationDate: "Fri Jul 16 12:33:50 2021"
handEyeRotationMatrix: !!opencv-matrix
   rows: 3
   cols: 3
   dt: d
   data: [ 7.1595038727444238e-01, -6.9625765522581418e-01,
       -5.1384049091399354e-02, 6.9807624153522330e-01,
       7.1285377645564751e-01, 6.7298249583315053e-02,
       -1.0227608011294147e-02, -8.4052191716651958e-02,
       9.9640886442363330e-01 ]
handEyeTranslationMatrix: !!opencv-matrix
   rows: 3
   cols: 1
   dt: d
   data: [ 1.2361129544024969e-02, -3.4060006513703701e-03,
       1.1660351972198935e-01 ]
