%YAML:1.0
---
calibrationDate: "Tue Jun 15 11:35:36 2021"
cameraMatrix: !!opencv-matrix
   rows: 3
   cols: 3
   dt: d
   data: [ 5.4085353484236166e+03, 0., 7.1895808552542940e+02, 0.,
       5.3975889470111397e+03, 6.2668099972571315e+02, 0., 0., 1. ]
distCoeffs: !!opencv-matrix
   rows: 1
   cols: 5
   dt: d
   data: [ -4.1674999306376748e+00, -3.9445066681034383e+01,
       -7.1322985494496102e-02, 2.5682876722171069e-03,
       2.6088260205157026e+03 ]
