%YAML:1.0
---
calibrationDate: "Tue Jun 15 11:35:36 2021"
handEyeRotationMatrix: !!opencv-matrix
   rows: 3
   cols: 3
   dt: d
   data: [ 9.9986917041923196e-01, -2.2132686859340200e-04,
       1.6173838739588262e-02, -5.8288615973894095e-04,
       9.9876394926519829e-01, 4.9701447583638800e-02,
       -1.6164847320087872e-02, -4.9704372670839020e-02,
       9.9863315238806116e-01 ]
handEyeTranslationMatrix: !!opencv-matrix
   rows: 3
   cols: 1
   dt: d
   data: [ -1.4773252165961807e-03, -2.4436925580991254e-03,
       9.8885213398416653e+01 ]
