%YAML:1.0
---
calibrationDate: "Fri Jun 11 13:56:40 2021"
cameraMatrix: !!opencv-matrix
   rows: 3
   cols: 3
   dt: d
   data: [ 6.1496842581713208e+03, 0., 6.2918069079279655e+02, 0.,
       6.1405690691977970e+03, 6.6199204245383817e+02, 0., 0., 1. ]
distCoeffs: !!opencv-matrix
   rows: 1
   cols: 5
   dt: d
   data: [ -5.8189765846963581e+00, 3.1752772692551627e+01,
       -9.3617946180581862e-02, 7.0168232563824429e-02,
       3.3779041584805304e+02 ]
