%YAML:1.0
---
calibrationDate: "Fri Jun 11 13:56:40 2021"
handEyeRotationMatrix: !!opencv-matrix
   rows: 3
   cols: 3
   dt: d
   data: [ 9.9410945152224883e-01, 4.2912660785638441e-02,
       9.9523373829619177e-02, -4.8155592521231021e-02,
       9.9754261564782132e-01, 5.0889771815483840e-02,
       -9.7094991132717856e-02, -5.5382610184060328e-02,
       9.9373302711852030e-01 ]
handEyeTranslationMatrix: !!opencv-matrix
   rows: 3
   cols: 1
   dt: d
   data: [ -6.6334168342120359e-03, 2.6485857027160459e-02,
       -5.6648741998191154e-01 ]
