%YAML:1.0
---
calibrationDate: "Wed Jun 16 13:16:41 2021"
cameraMatrix: !!opencv-matrix
   rows: 3
   cols: 3
   dt: d
   data: [ 1.1865694889593281e+03, 0., 7.4476424498817835e+02, 0.,
       1.1874135297026687e+03, 5.9046155025165876e+02, 0., 0., 1. ]
distCoeffs: !!opencv-matrix
   rows: 1
   cols: 5
   dt: d
   data: [ -2.4602629832443898e-01, 1.3596192939609861e-01,
       -3.2978322919708882e-04, 3.3193767113730895e-04,
       -5.5646158845697846e-02 ]
