%YAML:1.0
---
calibrationDate: "Wed Jun 16 13:16:41 2021"
handEyeRotationMatrix: !!opencv-matrix
   rows: 3
   cols: 3
   dt: d
   data: [ 8.3496918254774311e-01, -5.4995036971046329e-01,
       -1.9520631415973155e-02, 5.4913918507690007e-01,
       8.3038889132847726e-01, 9.4342167514534947e-02,
       -3.5673794424363164e-02, -8.9492346117347521e-02,
       9.9534843164480902e-01 ]
handEyeTranslationMatrix: !!opencv-matrix
   rows: 3
   cols: 1
   dt: d
   data: [ 3.0695009363877132e-02, -6.5098704106759386e-03,
       3.1326354701233194e-01 ]
