%YAML:1.0
---
calibrationDate: "Fri Jul 16 11:56:44 2021"
cameraMatrix: !!opencv-matrix
   rows: 3
   cols: 3
   dt: d
   data: [ 4.8910026063233681e+03, 0., 8.0103248277729028e+02, 0.,
       4.8339699137934422e+03, 9.8750795399733340e+02, 0., 0., 1. ]
distCoeffs: !!opencv-matrix
   rows: 1
   cols: 5
   dt: d
   data: [ -4.8268347941284528e-01, -1.7306561222927566e+00,
       -4.2727262931050981e-02, 2.2342741412739275e-03,
       1.9231228824501361e+01 ]
camRotationMatrix: !!opencv-matrix
   rows: 3
   cols: 1
   dt: d
   data: [ -3.0742815023896242e+00, 2.1625597723662817e-02,
       -5.3600803384622510e-02 ]
camTranslationMatrix: !!opencv-matrix
   rows: 3
   cols: 1
   dt: d
   data: [ -1.3759901731878318e-01, -4.1436782071479737e-02,
       1.2919897297185967e+00 ]
