%YAML:1.0
---
calibrationDate: "Fri Jul 16 11:56:44 2021"
handEyeRotationMatrix: !!opencv-matrix
   rows: 3
   cols: 3
   dt: d
   data: [ 9.9938335076218954e-01, -5.6692731330806054e-03,
       3.4652237467166135e-02, 1.7277882788277613e-03,
       9.9362397149465254e-01, 1.1273161942799143e-01,
       -3.5070400154573189e-02, -1.1260223183106309e-01,
       9.9302104933362900e-01 ]
handEyeTranslationMatrix: !!opencv-matrix
   rows: 3
   cols: 1
   dt: d
   data: [ -2.3013962771404244e+00, -4.6617003483738662e-01,
       -2.0542959871211087e+02 ]
