%YAML:1.0
---
calibrationDate: "Tue Jun 15 16:20:27 2021"
cameraMatrix: !!opencv-matrix
   rows: 3
   cols: 3
   dt: d
   data: [ 1.3159628902593024e+03, 0., 7.5993357928422995e+02, 0.,
       1.3165908691132670e+03, 5.8903773608669178e+02, 0., 0., 1. ]
distCoeffs: !!opencv-matrix
   rows: 1
   cols: 5
   dt: d
   data: [ -3.0146569299481840e-01, 2.0810226052814407e-01,
       8.5652513308180731e-04, -2.4784536424295911e-03,
       -1.1707445176819647e-01 ]
