%YAML:1.0
---
calibrationDate: "Wed Jun 16 12:37:08 2021"
cameraMatrix: !!opencv-matrix
   rows: 3
   cols: 3
   dt: d
   data: [ 1.1880797790008153e+03, 0., 7.4773030400399216e+02, 0.,
       1.1884370538617784e+03, 5.9809666033720305e+02, 0., 0., 1. ]
distCoeffs: !!opencv-matrix
   rows: 1
   cols: 5
   dt: d
   data: [ -2.4560025015108194e-01, 1.3053130839938962e-01,
       5.0940799359879555e-05, 4.1801065752222500e-04,
       -4.8226250804343153e-02 ]
