%YAML:1.0
---
calibrationDate: "Wed Jun 16 12:37:08 2021"
handEyeRotationMatrix: !!opencv-matrix
   rows: 3
   cols: 3
   dt: d
   data: [ 7.2219618786291695e-01, -6.9138636370045337e-01,
       -2.0434341813104093e-02, 6.9147836433136667e-01,
       7.2093412635933551e-01, 4.5952770450968121e-02,
       -1.7039304501298244e-02, -4.7316820894542151e-02,
       9.9873458964959549e-01 ]
handEyeTranslationMatrix: !!opencv-matrix
   rows: 3
   cols: 1
   dt: d
   data: [ -6.4445904534596865e-03, -1.6463033727618044e-02,
       3.9132327242798415e-01 ]
