%YAML:1.0
---
calibrationDate: "Wed Jun 16 12:37:08 2021"
handEyeRotationMatrix: !!opencv-matrix
   rows: 3
   cols: 3
   dt: d
   data: [ 9.6997519640469010e-01, -2.4032795517334687e-01,
       3.7290646573647807e-02, 2.3207467802302456e-01,
       9.6049595223837403e-01, 1.5358668416958832e-01,
       -7.2728688838672312e-02, -1.4032105934569183e-01,
       9.8743128273511283e-01 ]
handEyeTranslationMatrix: !!opencv-matrix
   rows: 3
   cols: 1
   dt: d
   data: [ -7.9216140814505842e-02, 8.2780963094388704e-02,
       -4.1483203724355072e-01 ]
