%YAML:1.0
---
calibrationDate: "Wed Jun 16 15:59:35 2021"
cameraMatrix: !!opencv-matrix
   rows: 3
   cols: 3
   dt: d
   data: [ 1.3696926206636604e+03, 0., 7.6710635464079485e+02, 0.,
       1.3700898012653329e+03, 5.8792805027816291e+02, 0., 0., 1. ]
distCoeffs: !!opencv-matrix
   rows: 1
   cols: 5
   dt: d
   data: [ -3.3061109843596559e-01, 2.8266734816264472e-01,
       9.5825228461387136e-04, -3.8199307641042040e-03,
       -2.3565381912556399e-01 ]
