%YAML:1.0
---
calibrationDate: "Wed Jun 16 15:59:35 2021"
handEyeRotationMatrix: !!opencv-matrix
   rows: 3
   cols: 3
   dt: d
   data: [ 9.9871352146098402e-01, 4.7519581106799443e-02,
       1.7697216234051575e-02, -4.8272986293636487e-02,
       9.9782426400061464e-01, 4.4904977072990619e-02,
       -1.5524846063483297e-02, -4.5701505260393113e-02,
       9.9883449658671652e-01 ]
handEyeTranslationMatrix: !!opencv-matrix
   rows: 3
   cols: 1
   dt: d
   data: [ -3.9256740838255479e-05, -6.0942942534034606e-05,
       2.6865366314690981e+01 ]
