%YAML:1.0
---
calibrationDate: "Fri Jun 11 14:01:33 2021"
cameraMatrix: !!opencv-matrix
   rows: 3
   cols: 3
   dt: d
   data: [ 7.9485287873108355e+03, 0., 5.7015591454579749e+02, 0.,
       7.9266863967449945e+03, 7.0617515951349537e+02, 0., 0., 1. ]
distCoeffs: !!opencv-matrix
   rows: 1
   cols: 5
   dt: d
   data: [ -9.6955623909513076e+00, 6.9645629645227444e+01,
       -1.6669091743592684e-01, 1.5009139021453816e-01,
       7.2810852263995218e+02 ]
