%YAML:1.0
---
calibrationDate: "Fri Jun 11 14:01:33 2021"
cameraMatrix: !!opencv-matrix
   rows: 3
   cols: 3
   dt: d
   data: [ 7.9485287615507086e+03, 0., 5.7015591491660791e+02, 0.,
       7.9266863706519807e+03, 7.0617515908331495e+02, 0., 0., 1. ]
distCoeffs: !!opencv-matrix
   rows: 1
   cols: 5
   dt: d
   data: [ -9.6955623338560226e+00, 6.9645629264345018e+01,
       -1.6669091647776713e-01, 1.5009138929681665e-01,
       7.2810850838689578e+02 ]
