%YAML:1.0
---
calibrationDate: "Fri Jun 11 14:01:33 2021"
handEyeRotationMatrix: !!opencv-matrix
   rows: 3
   cols: 3
   dt: d
   data: [ 9.8732078212182073e-01, -1.1376291232285304e-01,
       1.1070534300646459e-01, 1.0749693035827512e-01,
       9.9233040977106957e-01, 6.1030875850909778e-02,
       -1.1679932856786579e-01, -4.8356567531245100e-02,
       9.9197760016176362e-01 ]
handEyeTranslationMatrix: !!opencv-matrix
   rows: 3
   cols: 1
   dt: d
   data: [ -6.6334168342120359e-03, 2.6485857027160459e-02,
       -5.6648741998191154e-01 ]
