%YAML:1.0
---
calibrationDate: "Fri Jun 11 14:01:33 2021"
handEyeRotationMatrix: !!opencv-matrix
   rows: 3
   cols: 3
   dt: d
   data: [ 9.9997053623051890e-01, -3.0989892005412497e-03,
       7.0230290319240468e-03, 2.5330920539168118e-03,
       9.9685549293261921e-01, 7.9200439738117454e-02,
       -7.2463863749252849e-03, -7.9180316215583010e-02,
       9.9683397183708866e-01 ]
handEyeTranslationMatrix: !!opencv-matrix
   rows: 3
   cols: 1
   dt: d
   data: [ -8.5299296292830600e-04, 1.1487270211608964e-03,
       -8.7613643462115718e+01 ]
