%YAML:1.0
---
calibrationDate: "Wed Jun 23 16:09:58 2021"
cameraMatrix: !!opencv-matrix
   rows: 3
   cols: 3
   dt: d
   data: [ 7.9393369970702461e+03, 0., 6.1597112677598182e+02, 0.,
       7.9801468488536966e+03, 5.4234063811486897e+02, 0., 0., 1. ]
distCoeffs: !!opencv-matrix
   rows: 1
   cols: 5
   dt: d
   data: [ -1.3948990319142265e+00, 7.3137289080788452e+00,
       1.4042903476035448e-02, 2.6612119324759834e-02,
       -1.2129952136422771e-01 ]
