%YAML:1.0
---
calibrationDate: "Wed Jun 23 16:09:58 2021"
handEyeRotationMatrix: !!opencv-matrix
   rows: 3
   cols: 3
   dt: d
   data: [ 9.9999924309652022e-01, -1.0233852859797283e-03,
       6.8299995835983983e-04, 1.0470459167348110e-03,
       9.9936588430871354e-01, -3.5591192375518610e-02,
       -6.4614335478151619e-04, 3.5591880568738785e-02,
       9.9936619941658311e-01 ]
handEyeTranslationMatrix: !!opencv-matrix
   rows: 3
   cols: 1
   dt: d
   data: [ 1.8305138026795535e+02, 4.7152399407957986e+01,
       6.6593423594236711e+01 ]
