%YAML:1.0
---
calibrationDate: image
cameraMatrix: !!opencv-matrix
   rows: 3
   cols: 3
   dt: d
   data: [ 1.1883578809922303e+03, 0., 7.4193805819718659e+02, 0.,
       1.1879097289296803e+03, 5.8916440304976106e+02, 0., 0., 1. ]
distCoeffs: !!opencv-matrix
   rows: 1
   cols: 5
   dt: d
   data: [ -2.4929744652607821e-01, 1.4940680663266012e-01,
       -1.6108847892610755e-04, 1.7365872732296014e-04,
       -7.0328560682936650e-02 ]
camRotationMatrix: !!opencv-matrix
   rows: 3
   cols: 3
   dt: d
   data: [ 5.0777448211979603e-02, -9.9700908121123344e-01,
       -5.8262704497917324e-02, -9.9870961041597661e-01,
       -5.0742033875899928e-02, -2.0880758858019544e-03,
       -8.7453750493211857e-04, 5.8293550076050187e-02,
       -9.9829910207496608e-01 ]
camTranslationMatrix: !!opencv-matrix
   rows: 3
   cols: 1
   dt: d
   data: [ 7.8601536037313124e-02, 1.4270348846188302e-01,
       3.9534546184904512e-01 ]
