%YAML:1.0
---
calibrationDate: image
cameraMatrix: !!opencv-matrix
   rows: 3
   cols: 3
   dt: d
   data: [ 1.1883578809922303e+03, 0., 7.4193805819718659e+02, 0.,
       1.1879097289296803e+03, 5.8916440304976106e+02, 0., 0., 1. ]
distCoeffs: !!opencv-matrix
   rows: 1
   cols: 5
   dt: d
   data: [ -2.4929744652607821e-01, 1.4940680663266012e-01,
       -1.6108847892610755e-04, 1.7365872732296014e-04,
       -7.0328560682936650e-02 ]
