%YAML:1.0
---
calibrationDate: image
handEyeRotationMatrix: !!opencv-matrix
   rows: 3
   cols: 3
   dt: d
   data: [ 8.1170336177864244e-01, -5.8266897234780346e-01,
       4.0429211473944578e-02, 5.7800664968538884e-01,
       8.1129832271346114e-01, 8.7768698758709074e-02,
       -8.3940248967479994e-02, -4.7873794767904342e-02,
       9.9532011653427266e-01 ]
handEyeTranslationMatrix: !!opencv-matrix
   rows: 3
   cols: 1
   dt: d
   data: [ 1.2488026896768468e-02, 2.0807561835761539e-02,
       1.3490712429580408e-02 ]
