%YAML:1.0
---
calibrationDate: image
handEyeRotationMatrix: !!opencv-matrix
   rows: 3
   cols: 3
   dt: d
   data: [ 8.1170335998139809e-01, -5.8266897530864570e-01,
       4.0429204885596780e-02, 5.7800665319243894e-01,
       8.1129832051113482e-01, 8.7768696020209078e-02,
       -8.3940242197556469e-02, -4.7873796053634496e-02,
       9.9532011704337142e-01 ]
handEyeTranslationMatrix: !!opencv-matrix
   rows: 3
   cols: 1
   dt: d
   data: [ -2.9229816900036634e-03, 5.5876017826371908e-02,
       2.2130921977568271e-01 ]
