%YAML:1.0
---
calibrationDate: "Tue Jun 15 12:47:03 2021"
cameraMatrix: !!opencv-matrix
   rows: 3
   cols: 3
   dt: d
   data: [ 6.0325299326924578e+03, 0., 6.1334607057923722e+02, 0.,
       6.0213639460107461e+03, 6.7635868958782930e+02, 0., 0., 1. ]
distCoeffs: !!opencv-matrix
   rows: 1
   cols: 5
   dt: d
   data: [ -5.3368128801469474e+00, -1.4706360408360066e+01,
       -1.2472060831925125e-01, 8.4786612827105284e-02,
       1.3594027960521544e+03 ]
