%YAML:1.0
---
calibrationDate: "Tue Jun 15 12:47:03 2021"
handEyeRotationMatrix: !!opencv-matrix
   rows: 3
   cols: 3
   dt: d
   data: [ 9.9990997874176002e-01, -2.2670715729878558e-03,
       1.3224779738647966e-02, 1.5048750746504173e-03,
       9.9835232480689329e-01, 5.7361754712362267e-02,
       -1.3333032800623394e-02, -5.7336689293631782e-02,
       9.9826586353395008e-01 ]
handEyeTranslationMatrix: !!opencv-matrix
   rows: 3
   cols: 1
   dt: d
   data: [ 6.6591341320154634e-03, -8.9000172278365602e-04,
       2.7749088359729734e+02 ]
