%YAML:1.0
---
calibrationDate: "Thu Jul 15 16:02:58 2021"
cameraMatrix: !!opencv-matrix
   rows: 3
   cols: 3
   dt: d
   data: [ 3.4704608141654589e+03, 0., 7.5168464454721504e+02, 0.,
       3.4731818131431646e+03, 6.0649947952804393e+02, 0., 0., 1. ]
distCoeffs: !!opencv-matrix
   rows: 1
   cols: 5
   dt: d
   data: [ -3.0120824302225768e-01, 5.8735384448030958e-01,
       1.8828739795039658e-04, 6.1980417995968361e-04,
       9.0415210504555421e-01 ]
camRotationMatrix: !!opencv-matrix
   rows: 3
   cols: 3
   dt: d
   data: [ 9.9797836836716092e-01, 6.2108991450900049e-02,
       -1.3477739134248849e-02, 6.2166192720237053e-02,
       -9.9805831990484217e-01, 3.8671115052761351e-03,
       -1.3211387281023274e-02, -4.6971533587821489e-03,
       -9.9990169316610067e-01 ]
camTranslationMatrix: !!opencv-matrix
   rows: 3
   cols: 1
   dt: d
   data: [ -1.3391413002742406e-01, 3.2392551186982671e-02,
       7.7174484986958714e-01 ]
