%YAML:1.0
---
calibrationDate: "Thu Jul 15 16:02:58 2021"
handEyeRotationMatrix: !!opencv-matrix
   rows: 3
   cols: 3
   dt: d
   data: [ 7.0702463458902554e-01, -7.0676053659919813e-01,
       -2.4611176125258549e-02, 7.0682610658844824e-01,
       7.0511921898851238e-01, 5.6601608263773577e-02,
       -2.2649969741051195e-02, -5.7414553199024755e-02,
       9.9809345652182568e-01 ]
handEyeTranslationMatrix: !!opencv-matrix
   rows: 3
   cols: 1
   dt: d
   data: [ 3.1266973935780568e-03, -7.3218209637207730e-03,
       1.1774998297629663e-01 ]
