%YAML:1.0
---
calibrationDate: "Thu Jun 10 15:42:38 2021"
cameraMatrix: !!opencv-matrix
   rows: 3
   cols: 3
   dt: d
   data: [ 1.6642275547429888e+03, 0., 7.4408863948551493e+02, 0.,
       1.6638646617385882e+03, 6.0311964491042352e+02, 0., 0., 1. ]
distCoeffs: !!opencv-matrix
   rows: 1
   cols: 5
   dt: d
   data: [ -4.7636077423715761e-01, 4.5425528033766815e-01,
       -2.6277798777763024e-03, -5.5671893652860574e-04,
       -2.7843936934833435e-01 ]
