%YAML:1.0
---
calibrationDate: "UdenLysThu Jul 15 17:19:25 2021"
cameraMatrix: !!opencv-matrix
   rows: 3
   cols: 3
   dt: d
   data: [ 3.4853979669151945e+03, 0., 7.6705671827515891e+02, 0.,
       3.4860725893610065e+03, 5.9612456588265627e+02, 0., 0., 1. ]
distCoeffs: !!opencv-matrix
   rows: 1
   cols: 5
   dt: d
   data: [ -2.7403641046747568e-01, 9.6031385824161763e-02,
       -3.1942283575138366e-04, 9.2789048667559350e-04,
       7.3919125791841467e-01 ]
camRotationMatrix: !!opencv-matrix
   rows: 3
   cols: 3
   dt: d
   data: [ 9.9974228110352426e-01, -4.8847138028693367e-03,
       2.2170046120521567e-02, -5.5480328704135195e-03,
       -9.9953577916871716e-01, 2.9957394627275188e-02,
       2.2013421024248064e-02, -3.0072674185205796e-02,
       -9.9930528046346256e-01 ]
camTranslationMatrix: !!opencv-matrix
   rows: 3
   cols: 1
   dt: d
   data: [ -1.6151334787844218e-01, 6.7766122611346291e-02,
       9.4025405399060913e-01 ]
