%YAML:1.0
---
calibrationDate: "UdenLysThu Jul 15 17:19:25 2021"
handEyeRotationMatrix: !!opencv-matrix
   rows: 3
   cols: 3
   dt: d
   data: [ 7.1738858331361732e-01, -6.9567401564648135e-01,
       -3.7299926080089307e-02, 6.9647690383030469e-01,
       7.1488668828045676e-01, 6.2104310239736234e-02,
       -1.6539134264931313e-02, -7.0531460169913587e-02,
       9.9737243302793677e-01 ]
handEyeTranslationMatrix: !!opencv-matrix
   rows: 3
   cols: 1
   dt: d
   data: [ 8.1396262379156304e-03, -7.9076788303740642e-03,
       1.1565208156309777e-01 ]
