%YAML:1.0
---
calibrationDate: "Tue Jun 15 12:53:57 2021"
cameraMatrix: !!opencv-matrix
   rows: 3
   cols: 3
   dt: d
   data: [ 3.0986654606033489e+03, 0., 7.3897086689657976e+02, 0.,
       3.0979883153966421e+03, 6.2046973942229693e+02, 0., 0., 1. ]
distCoeffs: !!opencv-matrix
   rows: 1
   cols: 5
   dt: d
   data: [ -1.7663997533121643e+00, 9.3194572976380989e+00,
       -2.7449954772697308e-02, -2.1717701161617629e-03,
       -4.0279707320272628e+01 ]
