%YAML:1.0
---
calibrationDate: "Tue Jun 15 12:53:57 2021"
handEyeRotationMatrix: !!opencv-matrix
   rows: 3
   cols: 3
   dt: d
   data: [ 9.9935045913739662e-01, 7.4621038240247212e-03,
       3.5255876508665344e-02, -1.0295053309635255e-02,
       9.9667158775494913e-01, 8.0868770482680041e-02,
       -3.4535079256120919e-02, -8.1179204039877662e-02,
       9.9610103158877694e-01 ]
handEyeTranslationMatrix: !!opencv-matrix
   rows: 3
   cols: 1
   dt: d
   data: [ -6.7119397005115312e-05, 1.7137530563940371e-04,
       5.2220300655511762e+00 ]
