%YAML:1.0
---
calibrationDate: "Wed Jun 23 15:53:17 2021"
cameraMatrix: !!opencv-matrix
   rows: 3
   cols: 3
   dt: d
   data: [ 7.8805758747156669e+03, 0., 5.8642644882991851e+02, 0.,
       7.9262450613993115e+03, 5.3153352794090245e+02, 0., 0., 1. ]
distCoeffs: !!opencv-matrix
   rows: 1
   cols: 5
   dt: d
   data: [ -1.3772249401765007e+00, 6.3436004976719431e+00,
       1.6119937176423422e-02, 3.1372258487952810e-02,
       -6.7779805814143765e-02 ]
