%YAML:1.0
---
calibrationDate: "Wed Jun 23 15:53:17 2021"
handEyeRotationMatrix: !!opencv-matrix
   rows: 3
   cols: 3
   dt: d
   data: [ 9.9990181289426028e-01, -1.2325163446889378e-02,
       6.6674520455131366e-03, 1.2660273942199545e-02,
       9.9852478558314206e-01, -5.2801231423599361e-02,
       -6.0068323166389938e-03, 5.2880458792899064e-02,
       9.9858278327005645e-01 ]
handEyeTranslationMatrix: !!opencv-matrix
   rows: 3
   cols: 1
   dt: d
   data: [ 2.5901565263033280e+02, -8.9546191577661347e+01,
       3.5253222911117535e+02 ]
