%YAML:1.0
---
calibrationDate: "Wed Jun 23 15:58:33 2021"
cameraMatrix: !!opencv-matrix
   rows: 3
   cols: 3
   dt: d
   data: [ 7.9594417652351640e+03, 0., 6.4199214667886270e+02, 0.,
       7.9975102667696583e+03, 5.5541978873044616e+02, 0., 0., 1. ]
distCoeffs: !!opencv-matrix
   rows: 1
   cols: 5
   dt: d
   data: [ -1.3975437047737924e+00, 6.4992054589674577e+00,
       1.2111768194609341e-02, 2.2258976651626346e-02,
       6.9852246417013888e-02 ]
camRotationMatrix: !!opencv-matrix
   rows: 3
   cols: 3
   dt: d
   data: [ 9.9906568209115088e-01, -3.8424081714751021e-02,
       -1.9782639159671496e-02, -3.6302483546923003e-02,
       -9.9449724046036114e-01, 9.8271910559691963e-02,
       -2.3449787974926688e-02, -9.7461934421110522e-02,
       -9.9496295347255326e-01 ]
camTranslationMatrix: !!opencv-matrix
   rows: 3
   cols: 1
   dt: d
   data: [ -1.0073360557605926e-01, 1.1636794828955778e-01,
       2.0297400777122960e+00 ]
