%YAML:1.0
---
calibrationDate: "Wed Jun 23 15:58:33 2021"
handEyeRotationMatrix: !!opencv-matrix
   rows: 3
   cols: 3
   dt: d
   data: [ 9.9975695007449494e-01, -1.9800115688681664e-02,
       9.6951635601814547e-03, 2.0026391288397883e-02,
       9.9951550479987650e-01, -2.3826441543207167e-02,
       -9.2187000009670231e-03, 2.4014809667426248e-02,
       9.9966909749523092e-01 ]
handEyeTranslationMatrix: !!opencv-matrix
   rows: 3
   cols: 1
   dt: d
   data: [ 1.1218296009010373e+01, 1.1592509693028360e+02,
       3.0013096327099947e+02 ]
