%YAML:1.0
---
calibrationDate: "Wed Jun 23 15:58:33 2021"
handEyeRotationMatrix: !!opencv-matrix
   rows: 3
   cols: 3
   dt: d
   data: [ 9.9975713949391265e-01, -1.9797445890667776e-02,
       9.6810726242029885e-03, 2.0023336395465486e-02,
       9.9951568849845240e-01, -2.3821302337586395e-02,
       -9.2047830253101665e-03, 2.4009364457868384e-02,
       9.9966935653134148e-01 ]
handEyeTranslationMatrix: !!opencv-matrix
   rows: 3
   cols: 1
   dt: d
   data: [ 1.2461441813146621e+01, 1.1434078071118796e+02,
       2.8787217334543118e+02 ]
