%YAML:1.0
---
calibrationDate: "Wed Jun 23 15:58:33 2021"
robotRotationMatrix: !!opencv-matrix
   rows: 3
   cols: 3
   dt: d
   data: [ 9.9906568209134872e-01, -3.8424081712499766e-02,
       -1.9782639154053414e-02, -3.6302483547418440e-02,
       -9.9449724046951915e-01, 9.8271910466831452e-02,
       -2.3449787965731377e-02, -9.7461934328550354e-02,
       -9.9496295348183672e-01 ]
robotTranslationMatrix: !!opencv-matrix
   rows: 3
   cols: 1
   dt: d
   data: [ -1.0073360557616728e-01, 1.1636794829042109e-01,
       2.0297400777083001e+00 ]
