%YAML:1.0
---
calibrationDate: "Wed Jun 23 15:21:44 2021"
cameraMatrix: !!opencv-matrix
   rows: 3
   cols: 3
   dt: d
   data: [ 3.7226391769779566e+03, 0., 7.3427685644756332e+02, 0.,
       3.7476470246823947e+03, 6.0046959955726822e+02, 0., 0., 1. ]
distCoeffs: !!opencv-matrix
   rows: 1
   cols: 5
   dt: d
   data: [ -2.4034280752410675e+00, 1.2971846967076575e+01,
       -9.7371922892515461e-04, 1.0444754602492914e-02,
       -5.9038895833883196e+01 ]
