%YAML:1.0
---
calibrationDate: "Wed Jun 23 15:21:44 2021"
handEyeRotationMatrix: !!opencv-matrix
   rows: 3
   cols: 3
   dt: d
   data: [ 9.9976335573294828e-01, -1.9861191936082347e-02,
       8.8749979420992310e-03, 1.9939713315490572e-02,
       9.9976202889023902e-01, -8.8483570321926091e-03,
       -8.6971470316544591e-03, 9.0232280338691431e-03,
       9.9992146741099563e-01 ]
handEyeTranslationMatrix: !!opencv-matrix
   rows: 3
   cols: 1
   dt: d
   data: [ -2.3631191090215172e+01, 4.2644498048093524e+00,
       1.1125023351182290e+02 ]
